[gd_scene load_steps=4 format=3 uid="uid://40vgpadjwdlt"]

[ext_resource type="Script" path="res://3D scenes/Player/Pirate.gd" id="1_mlj04"]
[ext_resource type="PackedScene" uid="uid://cjkjan6cn72mk" path="res://3D scenes/Player/piratemodel.glb" id="1_q8urr"]

[sub_resource type="CapsuleShape3D" id="CapsuleShape3D_1k6rx"]
radius = 3.32318
height = 12.1488

[node name="Player" type="Node3D"]

[node name="Pirate" type="CharacterBody3D" parent="."]
transform = Transform3D(0.998259, 0.0589753, 0, -0.0589753, 0.998259, 0, 0, 0, 1, 1.96939, -0.629025, 0.13498)
script = ExtResource("1_mlj04")

[node name="CollisionShape3D" type="CollisionShape3D" parent="Pirate"]
transform = Transform3D(0.996494, -0.0836604, 0, 0.0836604, 0.996494, 0, 0, 0, 1, -2.8227, -0.167964, 0)
shape = SubResource("CapsuleShape3D_1k6rx")

[node name="piratemodel" parent="Pirate/CollisionShape3D" instance=ExtResource("1_q8urr")]
transform = Transform3D(0.999348, -0.0361208, 0, 0.0361206, 0.999347, 0, 0, 0, 0.999999, 0, 0, 0)

[node name="Camera3D" type="Camera3D" parent="Pirate"]
transform = Transform3D(0.0610485, 0.3577, -0.931839, 0, 0.933581, 0.358368, 0.998135, -0.0218778, 0.0569937, -11.3774, 9.02574, 1.70291)
fov = 100.3
near = 0.054
